2
4
5
15
17
19
23
35
37
49
61
66
67
69
78
87
89
100
123
126
135
140
163
166
171
172
178
192
198
983
995
1010
1019
1029
1064
1085
1093
1098
1106
1119
1154
1176
1218
1242
1251
1254
1290
1333
1359
1366
1368
1386
1389
1432
1437
1468
1469
1496
1498
1508
1513
1538
1545
1546
1565
1577
1584
1616
1623
1648
1653
1674
1693
1694
1696
1710
1740
1763
1785
1827
1832
1850
1889
1896
1905
1916
1920
1936
1952
1978
1979
2027
2029
2033
2039
2047
2083
2085
2095
2114
2127
2153
2160
2180
2231
2239
2245
2280
2288
2325
2330
2346
2353
2366
2388
2414
2419
2455
2458
2460
2476
2485
2493
2499
2501
2507
2528
2534
2537
2543
2563
2572
2612
2642
2650
2653
2656
2657
2671
2676
2680
2687
2699
2760
2767
2798
2801
2810
2817
2821
2840
2917
2944
2948
2953
2956
2966
2974
2986
3003
3011
3037
3044
3096
3108
3112
3117
3147
3176
3204
3209
3237
3247
3264
3267
3274
3293
3294
3302
3330
3349
3355
3364
3372
3397
3424
3430
3438
3451
3462
3465
3471
3489
3497
3498
3545
3621
3641
3658
3685
3695
3696
3724
3737
3741
3743
3761
3775
3784
3881
3885
3915
3942
4000
4010
4020
4022
4031
4046
4079
4080
4081
4108
4121
4127
4134
4141
4175
4184
4238
4242
4272
4286
4312
4326
4397
4407
4431
4454
4513
4585
4645
4648
4657
4677
4721
4738
4745
4777
4785
4793
4803
4813
4819
4857
4860
4861
4877
4923
4930
4984
4990
4996
4998
5037
5057
5110
5127
5138
5150
5171
5176
5206
5287
5294
5302
5326
5331
5334
5342
5364
5385
5414
5428
5463
5469
5470
5486
5549
5554
5599
5648
5675
5696
5699
5722
5725
5749
5791
5808
5844
5879
5930
5937
5955
5967
6057
6062
6079
6105
6110
6132
6138
6146
6153
6252
6268
6340
6343
6484
6498
6518
6519
6551
6555
6597
6605
6608
6633
6637
6724
6804
6815
6910
6965
7060
7079
7123
7152
7156
7161
7210
7216
7219
7225
7245
7249
7289
7313
7316
7323
7463
7550
7562
7624
7765
7777
7782
7783
7818
7955
8002
8041
8066
8079
8081
8125
8223
8342
8350
8351
8356
8413
8428
8438
8439
8444
8447
8537
8594
8615
8632
8693
8704
8712
8937
8962
9324
9332
9399
9405
9408
9412
9415
9451
9536
9550
9995
9996
9997
9998
9999
10000
